>AGGMACAAACTC	18-AGGMACAAACTC,BestGuess:ZNF264(Zf)/HEK293-ZNF264.GFP-ChIP-Seq(GSE58341)/Homer(0.618)	11.225020	-144.935451	0	T:59.0(0.18%),B:2.7(0.01%),P:1e-62
0.892	0.032	0.035	0.041
0.258	0.021	0.481	0.241
0.057	0.018	0.562	0.363
0.457	0.324	0.205	0.015
0.878	0.069	0.038	0.015
0.038	0.868	0.056	0.038
0.508	0.242	0.009	0.241
0.556	0.038	0.368	0.038
0.858	0.044	0.057	0.041
0.064	0.852	0.050	0.034
0.047	0.030	0.024	0.899
0.009	0.611	0.038	0.342
