>TGCTATTTATAG	21-CTATAAATAGCA	10.843055	-137.234191	0	T:47.0(0.14%),B:1.3(0.00%),P:1e-59
0.001	0.045	0.143	0.811
0.002	0.162	0.834	0.002
0.021	0.809	0.001	0.169
0.131	0.118	0.001	0.750
0.695	0.001	0.153	0.151
0.127	0.092	0.088	0.693
0.193	0.001	0.001	0.805
0.221	0.130	0.001	0.648
0.766	0.119	0.112	0.003
0.001	0.229	0.002	0.768
0.912	0.085	0.002	0.001
0.230	0.104	0.524	0.142
