>AGGAAGTGAAAC	7-AGGAAGTGAAAC	8.991966	-659.918686	0	T:1702.0(5.23%),B:612.8(1.91%),P:1e-286
0.660	0.023	0.242	0.075
0.081	0.002	0.898	0.019
0.144	0.024	0.817	0.015
0.969	0.009	0.013	0.009
0.930	0.004	0.019	0.047
0.143	0.225	0.611	0.021
0.065	0.020	0.045	0.870
0.042	0.022	0.888	0.048
0.959	0.014	0.020	0.007
0.858	0.053	0.069	0.020
0.905	0.016	0.045	0.034
0.106	0.635	0.178	0.081
