>CTATAAATAGCA	21-CTATAAATAGCA,BestGuess:MEF2B/MA0660.1/Jaspar(0.845)	10.843055	-137.234191	0	T:47.0(0.14%),B:1.3(0.00%),P:1e-59
0.142	0.524	0.104	0.230
0.001	0.002	0.085	0.912
0.768	0.002	0.229	0.001
0.003	0.112	0.119	0.766
0.648	0.001	0.130	0.221
0.805	0.001	0.001	0.193
0.693	0.088	0.092	0.127
0.151	0.153	0.001	0.695
0.750	0.001	0.118	0.131
0.169	0.001	0.809	0.021
0.002	0.834	0.162	0.002
0.811	0.143	0.045	0.001
