>GTTGTGTCATGA	25-GTTGTGTCATGA	9.425372	-38.486707	0	T:37.0(0.11%),B:6.6(0.02%),P:1e-16
0.110	0.089	0.707	0.094
0.102	0.107	0.086	0.705
0.069	0.039	0.090	0.802
0.086	0.103	0.716	0.095
0.062	0.048	0.070	0.820
0.058	0.087	0.755	0.100
0.095	0.062	0.092	0.751
0.080	0.734	0.093	0.093
0.772	0.103	0.044	0.081
0.083	0.046	0.077	0.794
0.099	0.095	0.720	0.086
0.726	0.075	0.107	0.092
