>VNTTACGCAANN	17-VNTTACGCAANN	5.096954	-176.629803	0	T:1635.0(5.03%),B:991.6(3.09%),P:1e-76
0.360	0.226	0.214	0.201
0.307	0.238	0.237	0.218
0.137	0.139	0.126	0.598
0.146	0.140	0.152	0.562
0.636	0.167	0.057	0.140
0.131	0.587	0.158	0.124
0.139	0.168	0.592	0.101
0.145	0.662	0.152	0.041
0.537	0.155	0.187	0.121
0.574	0.137	0.148	0.141
0.200	0.285	0.251	0.264
0.262	0.279	0.250	0.209
