>GAGTTTGTKCCT	18-AGGMACAAACTC	11.225020	-144.935451	0	T:59.0(0.18%),B:2.7(0.01%),P:1e-62
0.342	0.038	0.611	0.009
0.899	0.024	0.030	0.047
0.034	0.050	0.852	0.064
0.041	0.057	0.044	0.858
0.038	0.368	0.038	0.556
0.241	0.009	0.242	0.508
0.038	0.056	0.868	0.038
0.015	0.038	0.069	0.878
0.015	0.205	0.324	0.457
0.363	0.562	0.018	0.057
0.241	0.481	0.021	0.258
0.041	0.035	0.032	0.892
