>AATGAGGAAGCA	10-AATGAGGAAGCA	8.887892	-449.908490	0	T:1411.0(4.34%),B:565.1(1.76%),P:1e-195
0.790	0.057	0.101	0.052
0.791	0.044	0.084	0.081
0.099	0.013	0.094	0.794
0.048	0.072	0.849	0.031
0.877	0.017	0.051	0.055
0.090	0.025	0.824	0.061
0.067	0.043	0.866	0.024
0.891	0.059	0.031	0.019
0.942	0.014	0.012	0.032
0.075	0.091	0.798	0.036
0.078	0.743	0.130	0.049
0.837	0.054	0.050	0.059
