>TTACCACAGAGG	14-TTACCACAGAGG	6.769594	-202.853948	0	T:3383.0(10.40%),B:2360.1(7.35%),P:1e-88
0.041	0.093	0.084	0.782
0.067	0.135	0.190	0.608
0.551	0.171	0.147	0.131
0.078	0.740	0.107	0.075
0.081	0.830	0.031	0.058
0.763	0.079	0.057	0.101
0.069	0.795	0.099	0.037
0.831	0.044	0.044	0.081
0.067	0.074	0.819	0.040
0.762	0.066	0.065	0.107
0.094	0.041	0.788	0.077
0.085	0.118	0.731	0.066
