>DATRTGAWTCAT	16-DATRTGAWTCAT	9.609206	-180.770534	0	T:58.0(0.18%),B:1.5(0.00%),P:1e-78
0.274	0.169	0.341	0.217
0.636	0.056	0.035	0.273
0.135	0.215	0.196	0.453
0.479	0.044	0.428	0.048
0.055	0.026	0.048	0.871
0.269	0.038	0.647	0.046
0.645	0.256	0.047	0.052
0.508	0.048	0.038	0.406
0.050	0.095	0.052	0.803
0.290	0.580	0.041	0.089
0.809	0.097	0.033	0.061
0.043	0.286	0.039	0.632
