>CTACCAAACAGC	24-CTACCAAACAGC	8.113364	-93.124077	0	T:49.0(0.15%),B:3.2(0.01%),P:1e-40
0.172	0.479	0.138	0.212
0.174	0.170	0.090	0.566
0.480	0.120	0.194	0.205
0.191	0.539	0.125	0.145
0.164	0.597	0.100	0.139
0.644	0.168	0.048	0.140
0.538	0.172	0.204	0.086
0.611	0.124	0.133	0.132
0.186	0.587	0.143	0.084
0.792	0.078	0.055	0.075
0.096	0.166	0.597	0.141
0.162	0.506	0.181	0.151
