>GTTGCCATGGMA	20-GTTGCCATGGMA	8.784141	-137.331245	0	T:776.0(2.39%),B:403.0(1.25%),P:1e-59
0.021	0.026	0.927	0.026
0.009	0.059	0.009	0.923
0.017	0.014	0.043	0.926
0.042	0.005	0.653	0.300
0.005	0.922	0.021	0.052
0.007	0.709	0.002	0.282
0.860	0.043	0.042	0.055
0.058	0.012	0.290	0.640
0.072	0.005	0.911	0.012
0.085	0.038	0.868	0.009
0.318	0.411	0.140	0.131
0.747	0.044	0.143	0.066
