>TGATTAATCATC	15-TGATTAATCATC	7.157997	-190.235400	0	T:1530.0(4.70%),B:891.6(2.78%),P:1e-82
0.087	0.002	0.031	0.880
0.096	0.173	0.567	0.164
0.735	0.092	0.013	0.160
0.053	0.054	0.040	0.853
0.133	0.031	0.147	0.689
0.706	0.143	0.005	0.146
0.771	0.077	0.096	0.056
0.099	0.017	0.013	0.871
0.095	0.740	0.056	0.109
0.824	0.076	0.001	0.099
0.082	0.062	0.094	0.762
0.098	0.611	0.121	0.170
