>TAACCACTTCCT	6-TAACCACTTCCT	8.226724	-751.502050	0	T:2666.0(8.20%),B:1147.7(3.57%),P:1e-326
0.210	0.185	0.071	0.534
0.422	0.268	0.175	0.136
0.507	0.188	0.235	0.070
0.058	0.810	0.058	0.074
0.061	0.875	0.001	0.063
0.822	0.114	0.002	0.062
0.001	0.894	0.031	0.074
0.259	0.052	0.002	0.687
0.005	0.041	0.026	0.928
0.008	0.916	0.022	0.054
0.007	0.931	0.001	0.061
0.044	0.174	0.022	0.760
