>TAAAAGAGGAAC	19-TAAAAGAGGAAC	11.887191	-143.852994	0	T:122.0(0.38%),B:16.8(0.05%),P:1e-62
0.197	0.057	0.080	0.666
0.848	0.035	0.081	0.036
0.884	0.038	0.043	0.035
0.913	0.030	0.022	0.035
0.847	0.014	0.048	0.091
0.084	0.129	0.760	0.027
0.900	0.006	0.033	0.061
0.071	0.008	0.877	0.044
0.176	0.038	0.769	0.017
0.849	0.102	0.017	0.032
0.923	0.038	0.006	0.033
0.035	0.767	0.131	0.067
