>RYTTCCTBTTYN	1-RYTTCCTBTTYN	8.229200	-2668.956449	0	T:6942.0(21.34%),B:2647.9(8.24%),P:1e-1159	Tpos:100.3,Tstd:53.8,Bpos:100.3,Bstd:60.6,StrandBias:0.0,Multiplicity:1.13
0.474	0.001	0.437	0.088
0.001	0.517	0.108	0.374
0.001	0.001	0.001	0.997
0.001	0.001	0.001	0.997
0.001	0.997	0.001	0.001
0.001	0.997	0.001	0.001
0.001	0.218	0.001	0.780
0.001	0.399	0.312	0.288
0.090	0.332	0.001	0.577
0.001	0.306	0.185	0.508
0.193	0.289	0.175	0.343
0.166	0.290	0.241	0.304
>GTYTGTGGTTTB	2-GTYTGTGGTTTB	7.248585	-1337.955322	0	T:4275.0(13.14%),B:1772.3(5.52%),P:1e-581	Tpos:99.3,Tstd:53.1,Bpos:100.5,Bstd:58.5,StrandBias:-0.0,Multiplicity:1.11
0.207	0.239	0.402	0.152
0.132	0.211	0.242	0.415
0.154	0.317	0.077	0.452
0.049	0.037	0.052	0.862
0.019	0.037	0.894	0.050
0.071	0.023	0.065	0.841
0.008	0.004	0.987	0.001
0.001	0.001	0.987	0.011
0.008	0.051	0.084	0.857
0.050	0.174	0.050	0.726
0.165	0.049	0.140	0.646
0.115	0.346	0.254	0.286
>HRTGASTCAGCA	3-HRTGASTCAGCA	4.401668	-984.997419	0	T:2381.0(7.32%),B:828.9(2.58%),P:1e-427	Tpos:100.1,Tstd:53.8,Bpos:99.4,Bstd:58.5,StrandBias:-0.0,Multiplicity:1.05
0.343	0.244	0.146	0.267
0.381	0.171	0.447	0.001
0.001	0.001	0.001	0.997
0.001	0.001	0.997	0.001
0.997	0.001	0.001	0.001
0.001	0.573	0.425	0.001
0.001	0.001	0.001	0.997
0.001	0.997	0.001	0.001
0.997	0.001	0.001	0.001
0.001	0.226	0.538	0.235
0.192	0.455	0.201	0.152
0.388	0.227	0.165	0.221
>GTTACAGGAAGT	4-GTTACAGGAAGT	6.610733	-953.016695	0	T:4157.0(12.78%),B:1987.1(6.19%),P:1e-413	Tpos:98.4,Tstd:54.7,Bpos:99.5,Bstd:60.3,StrandBias:-0.2,Multiplicity:1.05
0.163	0.101	0.648	0.088
0.159	0.089	0.066	0.686
0.053	0.008	0.032	0.907
0.613	0.164	0.062	0.161
0.116	0.689	0.171	0.024
0.991	0.004	0.004	0.001
0.001	0.001	0.995	0.003
0.025	0.004	0.970	0.001
0.997	0.001	0.001	0.001
0.997	0.001	0.001	0.001
0.120	0.069	0.810	0.001
0.044	0.101	0.139	0.716
>AGCTGTTTCCTG	5-AGCTGTTTCCTG	10.117658	-939.901513	0	T:1179.0(3.62%),B:241.6(0.75%),P:1e-408	Tpos:99.4,Tstd:52.4,Bpos:97.5,Bstd:59.9,StrandBias:-0.2,Multiplicity:1.02
0.556	0.001	0.217	0.226
0.049	0.106	0.506	0.339
0.155	0.674	0.152	0.019
0.108	0.001	0.001	0.890
0.013	0.067	0.912	0.008
0.014	0.373	0.039	0.574
0.129	0.008	0.013	0.850
0.001	0.001	0.001	0.997
0.001	0.997	0.001	0.001
0.001	0.997	0.001	0.001
0.025	0.011	0.001	0.963
0.134	0.090	0.731	0.045
>TAACCACTTCCT	6-TAACCACTTCCT	8.226724	-751.502050	0	T:2666.0(8.20%),B:1147.7(3.57%),P:1e-326	Tpos:101.0,Tstd:54.6,Bpos:99.3,Bstd:55.9,StrandBias:-0.1,Multiplicity:1.04
0.210	0.185	0.071	0.534
0.422	0.268	0.175	0.136
0.507	0.188	0.235	0.070
0.058	0.810	0.058	0.074
0.061	0.875	0.001	0.063
0.822	0.114	0.002	0.062
0.001	0.894	0.031	0.074
0.259	0.052	0.002	0.687
0.005	0.041	0.026	0.928
0.008	0.916	0.022	0.054
0.007	0.931	0.001	0.061
0.044	0.174	0.022	0.760
>AGGAAGTGAAAC	7-AGGAAGTGAAAC	8.991966	-659.918686	0	T:1702.0(5.23%),B:612.8(1.91%),P:1e-286	Tpos:98.7,Tstd:55.9,Bpos:96.1,Bstd:62.1,StrandBias:-0.0,Multiplicity:1.04
0.660	0.023	0.242	0.075
0.081	0.002	0.898	0.019
0.144	0.024	0.817	0.015
0.969	0.009	0.013	0.009
0.930	0.004	0.019	0.047
0.143	0.225	0.611	0.021
0.065	0.020	0.045	0.870
0.042	0.022	0.888	0.048
0.959	0.014	0.020	0.007
0.858	0.053	0.069	0.020
0.905	0.016	0.045	0.034
0.106	0.635	0.178	0.081
>VAGATAAGVARN	8-VAGATAAGVARN	6.470502	-617.363032	0	T:1856.0(5.71%),B:729.9(2.27%),P:1e-268	Tpos:100.4,Tstd:52.0,Bpos:103.4,Bstd:56.6,StrandBias:0.0,Multiplicity:1.05
0.211	0.320	0.304	0.164
0.803	0.001	0.003	0.193
0.001	0.001	0.997	0.001
0.997	0.001	0.001	0.001
0.001	0.001	0.001	0.997
0.997	0.001	0.001	0.001
0.997	0.001	0.001	0.001
0.001	0.001	0.997	0.001
0.341	0.305	0.353	0.001
0.568	0.136	0.168	0.128
0.371	0.196	0.342	0.090
0.275	0.245	0.249	0.230
>AAAAGSAGAAST	9-AAAAGSAGAAST	9.991023	-582.325887	0	T:1116.0(3.43%),B:328.7(1.02%),P:1e-252	Tpos:101.2,Tstd:57.8,Bpos:104.3,Bstd:59.2,StrandBias:0.1,Multiplicity:1.02
0.673	0.024	0.283	0.020
0.878	0.001	0.120	0.001
0.997	0.001	0.001	0.001
0.793	0.001	0.034	0.172
0.191	0.034	0.680	0.095
0.056	0.507	0.431	0.006
0.699	0.001	0.299	0.001
0.001	0.001	0.997	0.001
0.997	0.001	0.001	0.001
0.997	0.001	0.001	0.001
0.047	0.440	0.486	0.027
0.150	0.111	0.116	0.623
>AATGAGGAAGCA	10-AATGAGGAAGCA	8.887892	-449.908490	0	T:1411.0(4.34%),B:565.1(1.76%),P:1e-195	Tpos:102.4,Tstd:54.8,Bpos:100.6,Bstd:59.1,StrandBias:-0.2,Multiplicity:1.02
0.790	0.057	0.101	0.052
0.791	0.044	0.084	0.081
0.099	0.013	0.094	0.794
0.048	0.072	0.849	0.031
0.877	0.017	0.051	0.055
0.090	0.025	0.824	0.061
0.067	0.043	0.866	0.024
0.891	0.059	0.031	0.019
0.942	0.014	0.012	0.032
0.075	0.091	0.798	0.036
0.078	0.743	0.130	0.049
0.837	0.054	0.050	0.059
>ACAGTCATTTCC	11-ACAGTCATTTCC	9.146381	-360.258474	0	T:918.0(2.82%),B:326.7(1.02%),P:1e-156	Tpos:95.1,Tstd:55.3,Bpos:97.4,Bstd:54.4,StrandBias:0.1,Multiplicity:1.01
0.606	0.127	0.106	0.161
0.177	0.593	0.176	0.054
0.693	0.008	0.054	0.245
0.031	0.158	0.606	0.205
0.089	0.147	0.154	0.610
0.015	0.915	0.058	0.012
0.692	0.140	0.017	0.151
0.009	0.174	0.097	0.720
0.001	0.090	0.001	0.908
0.001	0.007	0.009	0.983
0.010	0.854	0.004	0.132
0.080	0.912	0.001	0.007
>AACAGCTGTTTC	12-AACAGCTGTTTC	7.899678	-309.969270	0	T:1370.0(4.21%),B:646.0(2.01%),P:1e-134	Tpos:101.2,Tstd:53.6,Bpos:103.4,Bstd:62.9,StrandBias:0.0,Multiplicity:1.02
0.746	0.136	0.067	0.051
0.747	0.082	0.092	0.079
0.091	0.801	0.082	0.026
0.923	0.001	0.001	0.075
0.057	0.001	0.830	0.112
0.044	0.852	0.054	0.050
0.100	0.001	0.001	0.898
0.009	0.014	0.883	0.094
0.032	0.105	0.029	0.834
0.028	0.007	0.048	0.917
0.019	0.071	0.104	0.806
0.067	0.757	0.092	0.084
>GCCCTCTRGTGG	13-GCCCTCTRGTGG	8.337941	-256.124359	0	T:1112.0(3.42%),B:519.4(1.62%),P:1e-111	Tpos:102.6,Tstd:60.5,Bpos:96.4,Bstd:56.8,StrandBias:0.2,Multiplicity:1.03
0.184	0.061	0.634	0.121
0.145	0.845	0.001	0.009
0.005	0.980	0.005	0.010
0.299	0.667	0.010	0.024
0.005	0.178	0.015	0.802
0.001	0.994	0.004	0.001
0.005	0.094	0.010	0.891
0.436	0.001	0.376	0.187
0.010	0.319	0.598	0.073
0.046	0.027	0.001	0.926
0.001	0.005	0.989	0.005
0.024	0.010	0.887	0.079
>TTACCACAGAGG	14-TTACCACAGAGG	6.769594	-202.853948	0	T:3383.0(10.40%),B:2360.1(7.35%),P:1e-88	Tpos:98.4,Tstd:55.6,Bpos:101.9,Bstd:57.5,StrandBias:-0.1,Multiplicity:1.06
0.041	0.093	0.084	0.782
0.067	0.135	0.190	0.608
0.551	0.171	0.147	0.131
0.078	0.740	0.107	0.075
0.081	0.830	0.031	0.058
0.763	0.079	0.057	0.101
0.069	0.795	0.099	0.037
0.831	0.044	0.044	0.081
0.067	0.074	0.819	0.040
0.762	0.066	0.065	0.107
0.094	0.041	0.788	0.077
0.085	0.118	0.731	0.066
>TGATTAATCATC	15-TGATTAATCATC	7.157997	-190.235400	0	T:1530.0(4.70%),B:891.6(2.78%),P:1e-82	Tpos:100.4,Tstd:55.1,Bpos:99.8,Bstd:55.3,StrandBias:-0.0,Multiplicity:1.03
0.087	0.002	0.031	0.880
0.096	0.173	0.567	0.164
0.735	0.092	0.013	0.160
0.053	0.054	0.040	0.853
0.133	0.031	0.147	0.689
0.706	0.143	0.005	0.146
0.771	0.077	0.096	0.056
0.099	0.017	0.013	0.871
0.095	0.740	0.056	0.109
0.824	0.076	0.001	0.099
0.082	0.062	0.094	0.762
0.098	0.611	0.121	0.170
>DATRTGAWTCAT	16-DATRTGAWTCAT	9.609206	-180.770534	0	T:58.0(0.18%),B:1.5(0.00%),P:1e-78	Tpos:96.6,Tstd:57.6,Bpos:73.7,Bstd:40.8,StrandBias:0.1,Multiplicity:1.00
0.274	0.169	0.341	0.217
0.636	0.056	0.035	0.273
0.135	0.215	0.196	0.453
0.479	0.044	0.428	0.048
0.055	0.026	0.048	0.871
0.269	0.038	0.647	0.046
0.645	0.256	0.047	0.052
0.508	0.048	0.038	0.406
0.050	0.095	0.052	0.803
0.290	0.580	0.041	0.089
0.809	0.097	0.033	0.061
0.043	0.286	0.039	0.632
>VNTTACGCAANN	17-VNTTACGCAANN	5.096954	-176.629803	0	T:1635.0(5.03%),B:991.6(3.09%),P:1e-76	Tpos:100.3,Tstd:56.3,Bpos:99.9,Bstd:59.6,StrandBias:0.1,Multiplicity:1.05
0.360	0.226	0.214	0.201
0.307	0.238	0.237	0.218
0.137	0.139	0.126	0.598
0.146	0.140	0.152	0.562
0.636	0.167	0.057	0.140
0.131	0.587	0.158	0.124
0.139	0.168	0.592	0.101
0.145	0.662	0.152	0.041
0.537	0.155	0.187	0.121
0.574	0.137	0.148	0.141
0.200	0.285	0.251	0.264
0.262	0.279	0.250	0.209
>AGGMACAAACTC	18-AGGMACAAACTC	11.225020	-144.935451	0	T:59.0(0.18%),B:2.7(0.01%),P:1e-62	Tpos:92.0,Tstd:53.8,Bpos:100.1,Bstd:59.2,StrandBias:0.4,Multiplicity:1.00
0.892	0.032	0.035	0.041
0.258	0.021	0.481	0.241
0.057	0.018	0.562	0.363
0.457	0.324	0.205	0.015
0.878	0.069	0.038	0.015
0.038	0.868	0.056	0.038
0.508	0.242	0.009	0.241
0.556	0.038	0.368	0.038
0.858	0.044	0.057	0.041
0.064	0.852	0.050	0.034
0.047	0.030	0.024	0.899
0.009	0.611	0.038	0.342
>TAAAAGAGGAAC	19-TAAAAGAGGAAC	11.887191	-143.852994	0	T:122.0(0.38%),B:16.8(0.05%),P:1e-62	Tpos:109.8,Tstd:56.1,Bpos:135.6,Bstd:32.2,StrandBias:-0.2,Multiplicity:1.00
0.197	0.057	0.080	0.666
0.848	0.035	0.081	0.036
0.884	0.038	0.043	0.035
0.913	0.030	0.022	0.035
0.847	0.014	0.048	0.091
0.084	0.129	0.760	0.027
0.900	0.006	0.033	0.061
0.071	0.008	0.877	0.044
0.176	0.038	0.769	0.017
0.849	0.102	0.017	0.032
0.923	0.038	0.006	0.033
0.035	0.767	0.131	0.067
>GTTGCCATGGMA	20-GTTGCCATGGMA	8.784141	-137.331245	0	T:776.0(2.39%),B:403.0(1.25%),P:1e-59	Tpos:97.0,Tstd:55.2,Bpos:100.2,Bstd:59.3,StrandBias:0.0,Multiplicity:1.04
0.021	0.026	0.927	0.026
0.009	0.059	0.009	0.923
0.017	0.014	0.043	0.926
0.042	0.005	0.653	0.300
0.005	0.922	0.021	0.052
0.007	0.709	0.002	0.282
0.860	0.043	0.042	0.055
0.058	0.012	0.290	0.640
0.072	0.005	0.911	0.012
0.085	0.038	0.868	0.009
0.318	0.411	0.140	0.131
0.747	0.044	0.143	0.066
>CTATAAATAGCA	21-CTATAAATAGCA	10.843055	-137.234191	0	T:47.0(0.14%),B:1.3(0.00%),P:1e-59	Tpos:86.4,Tstd:47.9,Bpos:147.5,Bstd:31.4,StrandBias:0.5,Multiplicity:1.00
0.142	0.524	0.104	0.230
0.001	0.002	0.085	0.912
0.768	0.002	0.229	0.001
0.003	0.112	0.119	0.766
0.648	0.001	0.130	0.221
0.805	0.001	0.001	0.193
0.693	0.088	0.092	0.127
0.151	0.153	0.001	0.695
0.750	0.001	0.118	0.131
0.169	0.001	0.809	0.021
0.002	0.834	0.162	0.002
0.811	0.143	0.045	0.001
>TGTAACACTCAC	22-TGTAACACTCAC	11.096633	-117.308686	0	T:131.0(0.40%),B:24.5(0.08%),P:1e-50	Tpos:103.2,Tstd:55.5,Bpos:100.0,Bstd:54.7,StrandBias:0.5,Multiplicity:1.26
0.001	0.001	0.012	0.986
0.001	0.012	0.755	0.232
0.175	0.117	0.001	0.707
0.997	0.001	0.001	0.001
0.975	0.012	0.012	0.001
0.013	0.681	0.013	0.293
0.760	0.001	0.180	0.059
0.012	0.868	0.119	0.001
0.012	0.001	0.001	0.986
0.001	0.761	0.237	0.001
0.765	0.116	0.118	0.001
0.001	0.878	0.120	0.001
>TTGGTTCGTGGT	23-TTGGTTCGTGGT	12.224217	-104.007080	0	T:86.0(0.26%),B:11.6(0.04%),P:1e-45	Tpos:89.3,Tstd:55.2,Bpos:57.2,Bstd:11.9,StrandBias:-1.3,Multiplicity:1.13
0.076	0.001	0.171	0.752
0.076	0.001	0.385	0.538
0.001	0.076	0.847	0.076
0.151	0.001	0.772	0.076
0.001	0.113	0.001	0.885
0.076	0.076	0.001	0.847
0.012	0.848	0.001	0.139
0.076	0.076	0.847	0.001
0.001	0.001	0.001	0.997
0.001	0.001	0.997	0.001
0.001	0.001	0.997	0.001
0.001	0.086	0.001	0.912
>CTACCAAACAGC	24-CTACCAAACAGC	8.113364	-93.124077	0	T:49.0(0.15%),B:3.2(0.01%),P:1e-40	Tpos:87.3,Tstd:55.0,Bpos:124.9,Bstd:2.5,StrandBias:-0.1,Multiplicity:1.00
0.172	0.479	0.138	0.212
0.174	0.170	0.090	0.566
0.480	0.120	0.194	0.205
0.191	0.539	0.125	0.145
0.164	0.597	0.100	0.139
0.644	0.168	0.048	0.140
0.538	0.172	0.204	0.086
0.611	0.124	0.133	0.132
0.186	0.587	0.143	0.084
0.792	0.078	0.055	0.075
0.096	0.166	0.597	0.141
0.162	0.506	0.181	0.151
>GTTGTGTCATGA	25-GTTGTGTCATGA	9.425372	-38.486707	0	T:37.0(0.11%),B:6.6(0.02%),P:1e-16	Tpos:77.5,Tstd:52.4,Bpos:97.9,Bstd:55.1,StrandBias:0.9,Multiplicity:1.00
0.110	0.089	0.707	0.094
0.102	0.107	0.086	0.705
0.069	0.039	0.090	0.802
0.086	0.103	0.716	0.095
0.062	0.048	0.070	0.820
0.058	0.087	0.755	0.100
0.095	0.062	0.092	0.751
0.080	0.734	0.093	0.093
0.772	0.103	0.044	0.081
0.083	0.046	0.077	0.794
0.099	0.095	0.720	0.086
0.726	0.075	0.107	0.092
