>SAGGAART	1-SAGGAART	6.389955	-2880.727014	0	T:12016.0(36.94%),B:6084.6(18.94%),P:1e-1251	Tpos:100.5,Tstd:54.9,Bpos:99.5,Bstd:60.3,StrandBias:-0.0,Multiplicity:1.27
0.206	0.436	0.335	0.022
0.730	0.067	0.167	0.036
0.054	0.010	0.929	0.007
0.024	0.008	0.948	0.020
0.972	0.019	0.001	0.008
0.914	0.012	0.001	0.073
0.388	0.093	0.511	0.008
0.017	0.285	0.037	0.661
>TGTGGTTT	2-TGTGGTTT	6.773074	-1578.789868	0	T:5769.0(17.73%),B:2589.1(8.06%),P:1e-685	Tpos:98.9,Tstd:54.0,Bpos:102.3,Bstd:59.2,StrandBias:0.0,Multiplicity:1.16
0.082	0.027	0.049	0.842
0.010	0.015	0.963	0.012
0.074	0.149	0.001	0.776
0.008	0.052	0.923	0.017
0.050	0.019	0.886	0.045
0.010	0.233	0.077	0.680
0.116	0.175	0.035	0.674
0.259	0.063	0.085	0.593
>TTTCCBBT	3-TTTCCBBT	5.357385	-1344.113624	0	T:15124.0(46.49%),B:10490.1(32.65%),P:1e-583	Tpos:100.4,Tstd:55.9,Bpos:99.1,Bstd:61.6,StrandBias:-0.0,Multiplicity:1.31
0.001	0.287	0.158	0.554
0.030	0.001	0.014	0.955
0.005	0.216	0.030	0.749
0.001	0.958	0.040	0.001
0.039	0.761	0.166	0.034
0.075	0.278	0.357	0.290
0.111	0.276	0.260	0.353
0.108	0.097	0.094	0.701
>ATGACTCA	4-ATGACTCA	6.784932	-1048.833853	0	T:3272.0(10.06%),B:1327.6(4.13%),P:1e-455	Tpos:99.9,Tstd:54.9,Bpos:99.1,Bstd:59.3,StrandBias:0.0,Multiplicity:1.09
0.706	0.122	0.151	0.021
0.001	0.001	0.001	0.997
0.001	0.001	0.966	0.032
0.997	0.001	0.001	0.001
0.063	0.671	0.198	0.068
0.017	0.001	0.018	0.964
0.040	0.948	0.011	0.001
0.980	0.001	0.008	0.011
>YATTTCCG	5-YATTTCCG	4.624002	-1022.272207	0	T:15049.0(46.26%),B:10965.0(34.13%),P:1e-443	Tpos:100.2,Tstd:56.0,Bpos:98.3,Bstd:60.6,StrandBias:0.0,Multiplicity:1.19
0.236	0.442	0.027	0.295
0.586	0.009	0.227	0.178
0.130	0.205	0.037	0.628
0.210	0.048	0.009	0.733
0.258	0.019	0.188	0.535
0.062	0.625	0.278	0.035
0.006	0.947	0.007	0.040
0.192	0.023	0.534	0.251
>TCTTATCW	6-TCTTATCW	6.765806	-633.121977	0	T:2533.0(7.79%),B:1151.4(3.58%),P:1e-274	Tpos:100.3,Tstd:52.9,Bpos:100.2,Bstd:60.2,StrandBias:-0.1,Multiplicity:1.07
0.001	0.084	0.122	0.793
0.001	0.631	0.367	0.001
0.001	0.058	0.060	0.881
0.001	0.001	0.001	0.997
0.997	0.001	0.001	0.001
0.001	0.001	0.001	0.997
0.001	0.938	0.060	0.001
0.355	0.001	0.210	0.435
>TGGTTACT	7-TGGTTACT	5.888797	-483.523986	0	T:7463.0(22.94%),B:5234.8(16.29%),P:1e-209	Tpos:100.0,Tstd:56.7,Bpos:100.5,Bstd:59.4,StrandBias:0.0,Multiplicity:1.15
0.001	0.001	0.001	0.997
0.019	0.001	0.979	0.001
0.287	0.241	0.471	0.001
0.001	0.001	0.001	0.997
0.092	0.001	0.198	0.709
0.551	0.124	0.239	0.086
0.229	0.469	0.302	0.001
0.245	0.062	0.234	0.459
>TGTGGCWA	8-TGTGGCWA	5.567860	-477.063161	0	T:8246.0(25.35%),B:5927.3(18.45%),P:1e-207	Tpos:99.9,Tstd:56.1,Bpos:100.6,Bstd:58.5,StrandBias:-0.0,Multiplicity:1.18
0.075	0.004	0.156	0.765
0.040	0.076	0.746	0.138
0.226	0.055	0.001	0.718
0.001	0.191	0.538	0.270
0.215	0.001	0.783	0.001
0.026	0.592	0.001	0.381
0.507	0.060	0.070	0.363
0.868	0.001	0.130	0.001
>TTGTGCAA	9-TTGTGCAA	8.415179	-409.711493	0	T:1710.0(5.26%),B:787.7(2.45%),P:1e-177	Tpos:100.4,Tstd:55.3,Bpos:99.7,Bstd:60.3,StrandBias:-0.0,Multiplicity:1.06
0.001	0.001	0.001	0.997
0.001	0.001	0.001	0.997
0.157	0.001	0.841	0.001
0.126	0.001	0.001	0.872
0.001	0.001	0.997	0.001
0.188	0.660	0.001	0.151
0.997	0.001	0.001	0.001
0.997	0.001	0.001	0.001
>TTTCACTT	10-TTTCACTT	7.711405	-364.671871	0	T:2941.0(9.04%),B:1726.9(5.38%),P:1e-158	Tpos:98.4,Tstd:57.4,Bpos:100.2,Bstd:62.2,StrandBias:-0.0,Multiplicity:1.08
0.001	0.001	0.001	0.997
0.001	0.001	0.071	0.927
0.001	0.001	0.001	0.997
0.001	0.997	0.001	0.001
0.997	0.001	0.001	0.001
0.001	0.532	0.350	0.117
0.082	0.001	0.001	0.916
0.001	0.001	0.001	0.997
>TTCYGVTT	11-TTCYGVTT	5.571080	-350.177025	0	T:10854.0(33.36%),B:8595.8(26.76%),P:1e-152	Tpos:99.1,Tstd:56.2,Bpos:100.8,Bstd:60.3,StrandBias:-0.0,Multiplicity:1.14
0.151	0.119	0.213	0.517
0.001	0.001	0.001	0.997
0.001	0.997	0.001	0.001
0.001	0.480	0.040	0.479
0.001	0.001	0.997	0.001
0.265	0.217	0.355	0.162
0.001	0.150	0.001	0.848
0.230	0.001	0.288	0.480
>CCGCAGAG	12-CCGCAGAG	4.902005	-341.973244	0	T:16734.0(51.44%),B:14216.6(44.25%),P:1e-148	Tpos:100.0,Tstd:56.4,Bpos:100.7,Bstd:60.2,StrandBias:0.0,Multiplicity:1.46
0.024	0.839	0.001	0.136
0.096	0.825	0.001	0.078
0.152	0.094	0.694	0.060
0.001	0.789	0.143	0.067
0.673	0.001	0.146	0.180
0.103	0.001	0.698	0.198
0.697	0.001	0.149	0.153
0.024	0.190	0.611	0.175
>ACCACGAA	13-ACCACGAA	10.130275	-320.439960	0	T:822.0(2.53%),B:293.1(0.91%),P:1e-139	Tpos:105.6,Tstd:58.7,Bpos:87.7,Bstd:65.3,StrandBias:0.4,Multiplicity:1.04
0.997	0.001	0.001	0.001
0.001	0.997	0.001	0.001
0.001	0.997	0.001	0.001
0.997	0.001	0.001	0.001
0.001	0.997	0.001	0.001
0.391	0.001	0.607	0.001
0.997	0.001	0.001	0.001
0.997	0.001	0.001	0.001
>CAGATGTD	14-CAGATGTD	6.430189	-281.675077	0	T:5366.0(16.49%),B:3867.3(12.04%),P:1e-122	Tpos:100.5,Tstd:55.8,Bpos:100.9,Bstd:59.7,StrandBias:0.0,Multiplicity:1.09
0.001	0.997	0.001	0.001
0.635	0.096	0.268	0.001
0.068	0.001	0.822	0.109
0.814	0.184	0.001	0.001
0.190	0.001	0.001	0.808
0.001	0.026	0.972	0.001
0.001	0.090	0.188	0.721
0.261	0.161	0.347	0.231
>GACGTCAT	15-GACGTCAT	6.087013	-259.659801	0	T:3900.0(11.99%),B:2672.2(8.32%),P:1e-112	Tpos:99.0,Tstd:57.0,Bpos:97.4,Bstd:60.2,StrandBias:0.0,Multiplicity:1.07
0.090	0.001	0.566	0.343
0.424	0.129	0.272	0.174
0.001	0.670	0.032	0.297
0.102	0.001	0.865	0.032
0.001	0.001	0.025	0.973
0.211	0.787	0.001	0.001
0.997	0.001	0.001	0.001
0.001	0.157	0.222	0.620
>GGCGGTTT	16-GGCGGTTT	5.551739	-238.902673	0	T:6864.0(21.10%),B:5296.3(16.49%),P:1e-103	Tpos:100.1,Tstd:56.4,Bpos:101.5,Bstd:62.3,StrandBias:0.1,Multiplicity:1.12
0.144	0.257	0.457	0.142
0.001	0.045	0.920	0.034
0.027	0.878	0.001	0.094
0.212	0.048	0.687	0.053
0.017	0.001	0.981	0.001
0.076	0.151	0.090	0.683
0.116	0.135	0.001	0.748
0.101	0.145	0.112	0.642
>CGYTGCTA	17-CGYTGCTA	5.533151	-189.493645	0	T:7551.0(23.21%),B:6076.6(18.92%),P:1e-82	Tpos:99.6,Tstd:56.4,Bpos:100.5,Bstd:60.8,StrandBias:-0.0,Multiplicity:1.09
0.217	0.483	0.299	0.001
0.001	0.001	0.997	0.001
0.001	0.487	0.039	0.473
0.123	0.069	0.001	0.807
0.001	0.001	0.997	0.001
0.188	0.574	0.182	0.056
0.030	0.253	0.001	0.716
0.997	0.001	0.001	0.001
>CAGGATGT	18-CAGGATGT	8.683356	-181.842372	0	T:654.0(2.01%),B:280.7(0.87%),P:1e-78	Tpos:99.9,Tstd:54.3,Bpos:105.7,Bstd:58.6,StrandBias:0.0,Multiplicity:1.01
0.001	0.997	0.001	0.001
0.906	0.092	0.001	0.001
0.001	0.001	0.997	0.001
0.001	0.001	0.997	0.001
0.997	0.001	0.001	0.001
0.001	0.001	0.001	0.997
0.001	0.001	0.997	0.001
0.001	0.001	0.001	0.997
>CTGTCAGA	19-CTGTCAGA	4.760351	-167.797070	0	T:13630.0(41.90%),B:11889.6(37.01%),P:1e-72	Tpos:99.9,Tstd:56.0,Bpos:101.5,Bstd:60.2,StrandBias:0.0,Multiplicity:1.24
0.121	0.701	0.071	0.107
0.096	0.129	0.040	0.735
0.063	0.048	0.845	0.044
0.092	0.137	0.115	0.656
0.025	0.848	0.064	0.063
0.842	0.032	0.066	0.060
0.074	0.169	0.680	0.077
0.696	0.137	0.072	0.095
>CYAGTCAT	20-CYAGTCAT	5.750536	-118.856783	0	T:1057.0(3.25%),B:633.5(1.97%),P:1e-51	Tpos:98.5,Tstd:54.9,Bpos:96.1,Bstd:60.4,StrandBias:-0.0,Multiplicity:1.02
0.011	0.987	0.001	0.001
0.017	0.444	0.020	0.519
0.997	0.001	0.001	0.001
0.001	0.001	0.997	0.001
0.001	0.001	0.001	0.997
0.001	0.997	0.001	0.001
0.997	0.001	0.001	0.001
0.001	0.001	0.001	0.997
>TGATTTAT	21-TGATTTAT	8.173672	-102.848591	0	T:1108.0(3.41%),B:698.9(2.18%),P:1e-44	Tpos:100.3,Tstd:57.8,Bpos:99.5,Bstd:55.5,StrandBias:0.1,Multiplicity:1.03
0.212	0.001	0.001	0.786
0.001	0.001	0.997	0.001
0.896	0.001	0.102	0.001
0.001	0.001	0.001	0.997
0.001	0.001	0.001	0.997
0.001	0.001	0.001	0.997
0.997	0.001	0.001	0.001
0.001	0.149	0.078	0.772
>CGATTGGC	22-CGATTGGC	5.199992	-98.815504	0	T:4370.0(13.43%),B:3523.4(10.97%),P:1e-42	Tpos:99.6,Tstd:55.5,Bpos:95.9,Bstd:60.0,StrandBias:0.1,Multiplicity:1.10
0.101	0.696	0.094	0.109
0.079	0.063	0.765	0.093
0.647	0.086	0.203	0.064
0.041	0.063	0.043	0.853
0.086	0.127	0.065	0.722
0.156	0.033	0.741	0.070
0.059	0.070	0.825	0.046
0.066	0.755	0.098	0.081
>TGTGGGCT	23-TGTGGGCT	8.433674	-89.794785	0	T:1656.0(5.09%),B:1171.3(3.65%),P:1e-38	Tpos:98.2,Tstd:56.9,Bpos:100.6,Bstd:59.4,StrandBias:0.1,Multiplicity:1.03
0.001	0.001	0.001	0.997
0.001	0.001	0.997	0.001
0.001	0.001	0.001	0.997
0.111	0.001	0.887	0.001
0.001	0.001	0.997	0.001
0.133	0.124	0.742	0.001
0.001	0.997	0.001	0.001
0.133	0.001	0.001	0.865
>GTRACACT	24-GTRACACT	7.706826	-79.290694	0	T:1282.0(3.94%),B:884.9(2.75%),P:1e-34	Tpos:103.0,Tstd:57.3,Bpos:99.2,Bstd:60.2,StrandBias:0.0,Multiplicity:1.04
0.001	0.001	0.997	0.001
0.001	0.180	0.001	0.818
0.425	0.001	0.573	0.001
0.721	0.001	0.001	0.277
0.001	0.997	0.001	0.001
0.542	0.001	0.244	0.213
0.006	0.992	0.001	0.001
0.258	0.075	0.189	0.478
>CCGCTAGR	25-CCGCTAGR	5.817866	-78.398634	0	T:2269.0(6.97%),B:1727.1(5.38%),P:1e-34	Tpos:101.0,Tstd:57.7,Bpos:99.7,Bstd:58.9,StrandBias:0.0,Multiplicity:1.04
0.177	0.772	0.001	0.050
0.001	0.913	0.085	0.001
0.108	0.001	0.768	0.123
0.263	0.438	0.112	0.188
0.063	0.001	0.001	0.935
0.935	0.001	0.001	0.063
0.124	0.031	0.805	0.040
0.366	0.001	0.441	0.192
