>RAVAGGAART	1-RAVAGGAART	7.066410	-3325.670578	0	T:9242.0(28.41%),B:3754.4(11.69%),P:1e-1444	Tpos:100.1,Tstd:54.3,Bpos:99.4,Bstd:60.4,StrandBias:-0.0,Multiplicity:1.20
0.372	0.203	0.241	0.184
0.520	0.043	0.220	0.217
0.258	0.361	0.333	0.049
0.612	0.055	0.283	0.050
0.044	0.001	0.954	0.001
0.066	0.010	0.915	0.009
0.980	0.012	0.007	0.001
0.854	0.012	0.005	0.129
0.347	0.179	0.466	0.008
0.066	0.328	0.049	0.557
>NHTGTGGTTW	2-NHTGTGGTTW	6.198291	-1618.866558	0	T:6171.0(18.97%),B:2834.2(8.82%),P:1e-703	Tpos:99.2,Tstd:53.7,Bpos:102.0,Bstd:58.0,StrandBias:0.0,Multiplicity:1.17
0.161	0.296	0.268	0.275
0.242	0.302	0.149	0.308
0.151	0.106	0.123	0.620
0.130	0.042	0.728	0.100
0.101	0.154	0.042	0.703
0.024	0.007	0.915	0.054
0.058	0.001	0.940	0.001
0.001	0.179	0.141	0.679
0.181	0.156	0.109	0.554
0.378	0.073	0.178	0.372
>WAAGVGGAAS	3-WAAGVGGAAS	6.995977	-1407.318992	0	T:7069.0(21.73%),B:3663.6(11.40%),P:1e-611	Tpos:100.5,Tstd:56.0,Bpos:98.8,Bstd:61.4,StrandBias:-0.1,Multiplicity:1.12
0.441	0.147	0.106	0.306
0.631	0.001	0.001	0.367
0.699	0.001	0.001	0.299
0.237	0.216	0.483	0.064
0.355	0.356	0.287	0.001
0.141	0.001	0.857	0.001
0.010	0.001	0.988	0.001
0.997	0.001	0.001	0.001
0.997	0.001	0.001	0.001
0.001	0.428	0.570	0.001
>ATGASTCAYN	4-ATGASTCAYN	7.390432	-1261.313729	0	T:3019.0(9.28%),B:1050.1(3.27%),P:1e-547	Tpos:99.6,Tstd:54.4,Bpos:99.1,Bstd:57.7,StrandBias:0.0,Multiplicity:1.08
0.462	0.218	0.277	0.042
0.001	0.001	0.001	0.997
0.001	0.001	0.744	0.254
0.997	0.001	0.001	0.001
0.156	0.332	0.358	0.155
0.058	0.001	0.001	0.940
0.271	0.718	0.001	0.010
0.997	0.001	0.001	0.001
0.070	0.298	0.216	0.416
0.283	0.309	0.180	0.229
>AGGAAACMGV	5-AGGAAACMGV	6.965270	-1077.315895	0	T:6289.0(19.33%),B:3415.1(10.63%),P:1e-467	Tpos:101.2,Tstd:54.8,Bpos:98.4,Bstd:60.7,StrandBias:0.0,Multiplicity:1.06
0.871	0.001	0.049	0.079
0.046	0.001	0.886	0.067
0.051	0.001	0.947	0.001
0.926	0.067	0.001	0.006
0.939	0.001	0.025	0.035
0.805	0.001	0.193	0.001
0.049	0.871	0.070	0.010
0.346	0.437	0.039	0.179
0.275	0.145	0.554	0.026
0.208	0.353	0.281	0.157
>GDCATTTCCT	6-GDCATTTCCT	6.356206	-763.221185	0	T:6120.0(18.81%),B:3661.8(11.40%),P:1e-331	Tpos:100.0,Tstd:55.8,Bpos:99.9,Bstd:59.5,StrandBias:0.0,Multiplicity:1.06
0.073	0.155	0.705	0.067
0.272	0.015	0.410	0.303
0.300	0.653	0.046	0.001
0.979	0.010	0.010	0.001
0.016	0.283	0.123	0.578
0.194	0.001	0.001	0.804
0.014	0.001	0.283	0.702
0.195	0.772	0.006	0.027
0.017	0.793	0.009	0.181
0.101	0.187	0.262	0.450
>VCCACWTCCT	7-VCCACWTCCT	7.688219	-626.776631	0	T:943.0(2.90%),B:228.3(0.71%),P:1e-272	Tpos:99.2,Tstd:55.8,Bpos:95.7,Bstd:55.6,StrandBias:0.0,Multiplicity:1.00
0.391	0.302	0.254	0.054
0.134	0.574	0.055	0.237
0.308	0.563	0.103	0.026
0.635	0.033	0.290	0.042
0.063	0.780	0.085	0.072
0.433	0.026	0.122	0.419
0.269	0.042	0.054	0.635
0.223	0.503	0.244	0.030
0.015	0.678	0.282	0.025
0.033	0.072	0.095	0.800
>KKCCTTATCT	8-KKCCTTATCT	5.565803	-620.038505	0	T:1816.0(5.58%),B:703.5(2.19%),P:1e-269	Tpos:100.0,Tstd:52.6,Bpos:102.8,Bstd:56.9,StrandBias:0.0,Multiplicity:1.05
0.059	0.050	0.499	0.393
0.034	0.218	0.381	0.367
0.001	0.504	0.188	0.307
0.001	0.997	0.001	0.001
0.001	0.001	0.001	0.997
0.001	0.001	0.001	0.997
0.997	0.001	0.001	0.001
0.001	0.001	0.001	0.997
0.001	0.997	0.001	0.001
0.204	0.001	0.001	0.794
>AGCTGTTTCC	9-AGCTGTTTCC	9.454706	-589.706371	0	T:680.0(2.09%),B:127.8(0.40%),P:1e-256	Tpos:100.2,Tstd:50.9,Bpos:88.9,Bstd:60.9,StrandBias:-0.2,Multiplicity:1.02
0.966	0.008	0.012	0.014
0.025	0.063	0.647	0.265
0.105	0.824	0.070	0.001
0.029	0.012	0.011	0.948
0.001	0.001	0.987	0.011
0.005	0.024	0.001	0.970
0.014	0.009	0.001	0.976
0.007	0.018	0.020	0.955
0.046	0.939	0.014	0.001
0.024	0.973	0.002	0.001
>GAAGTGAAAC	10-GAAGTGAAAC	9.286163	-573.505820	0	T:1249.0(3.84%),B:402.8(1.25%),P:1e-249	Tpos:98.5,Tstd:57.6,Bpos:104.3,Bstd:60.8,StrandBias:-0.0,Multiplicity:1.03
0.356	0.001	0.642	0.001
0.941	0.023	0.001	0.035
0.907	0.001	0.001	0.091
0.212	0.120	0.595	0.073
0.077	0.087	0.001	0.835
0.001	0.001	0.997	0.001
0.944	0.054	0.001	0.001
0.915	0.062	0.001	0.022
0.954	0.001	0.001	0.044
0.001	0.556	0.397	0.046
>DVTTDYGCAA	11-DVTTDYGCAA	6.976228	-425.223406	0	T:2361.0(7.26%),B:1223.7(3.81%),P:1e-184	Tpos:99.4,Tstd:55.2,Bpos:98.5,Bstd:59.9,StrandBias:-0.0,Multiplicity:1.09
0.217	0.155	0.345	0.284
0.355	0.228	0.349	0.069
0.001	0.001	0.001	0.997
0.001	0.001	0.277	0.721
0.362	0.001	0.349	0.288
0.105	0.397	0.097	0.400
0.297	0.001	0.629	0.073
0.195	0.515	0.001	0.289
0.997	0.001	0.001	0.001
0.997	0.001	0.001	0.001
>ACTGCGGTTT	12-ACTGCGGTTT	6.069860	-335.079388	0	T:2221.0(6.83%),B:1222.1(3.80%),P:1e-145	Tpos:98.6,Tstd:56.6,Bpos:103.0,Bstd:61.0,StrandBias:-0.0,Multiplicity:1.02
0.420	0.195	0.242	0.142
0.096	0.701	0.143	0.060
0.161	0.081	0.130	0.628
0.047	0.126	0.730	0.097
0.183	0.525	0.110	0.182
0.111	0.161	0.531	0.197
0.113	0.120	0.663	0.104
0.104	0.165	0.181	0.550
0.046	0.213	0.107	0.634
0.095	0.185	0.198	0.522
>KRTGAYRTAA	13-KRTGAYRTAA	6.049347	-322.210706	0	T:5717.0(17.57%),B:4076.4(12.69%),P:1e-139	Tpos:100.3,Tstd:56.0,Bpos:97.5,Bstd:57.0,StrandBias:-0.1,Multiplicity:1.11
0.144	0.157	0.342	0.356
0.455	0.136	0.322	0.088
0.001	0.001	0.001	0.997
0.001	0.003	0.995	0.001
0.719	0.001	0.001	0.279
0.084	0.392	0.145	0.378
0.408	0.066	0.464	0.062
0.229	0.287	0.029	0.455
0.633	0.312	0.054	0.001
0.794	0.001	0.204	0.001
>WBTTTCCGTT	14-WBTTTCCGTT	7.793847	-302.180698	0	T:2228.0(6.85%),B:1268.3(3.95%),P:1e-131	Tpos:100.0,Tstd:55.5,Bpos:96.6,Bstd:60.8,StrandBias:-0.0,Multiplicity:1.05
0.448	0.001	0.168	0.383
0.057	0.310	0.356	0.276
0.001	0.019	0.001	0.979
0.001	0.001	0.001	0.997
0.001	0.001	0.030	0.968
0.001	0.981	0.017	0.001
0.162	0.559	0.124	0.155
0.312	0.001	0.686	0.001
0.001	0.177	0.129	0.693
0.131	0.028	0.167	0.674
>TGATTAGTCA	15-TGATTAGTCA	6.751435	-287.235541	0	T:1862.0(5.72%),B:1015.4(3.16%),P:1e-124	Tpos:100.1,Tstd:56.3,Bpos:96.8,Bstd:57.6,StrandBias:-0.1,Multiplicity:1.03
0.058	0.015	0.060	0.867
0.080	0.089	0.768	0.063
0.630	0.205	0.058	0.107
0.028	0.070	0.059	0.843
0.061	0.065	0.033	0.841
0.761	0.038	0.118	0.083
0.033	0.118	0.799	0.050
0.071	0.081	0.054	0.794
0.055	0.847	0.048	0.050
0.851	0.041	0.033	0.075
>CATCTGGTGG	16-CATCTGGTGG	6.722956	-246.099214	0	T:2958.0(9.09%),B:1924.1(5.99%),P:1e-106	Tpos:100.4,Tstd:56.7,Bpos:100.3,Bstd:57.8,StrandBias:0.1,Multiplicity:1.05
0.058	0.840	0.037	0.065
0.784	0.106	0.064	0.046
0.043	0.064	0.033	0.860
0.046	0.859	0.051	0.044
0.038	0.089	0.028	0.845
0.130	0.020	0.755	0.095
0.075	0.078	0.773	0.074
0.061	0.069	0.109	0.761
0.038	0.045	0.818	0.099
0.125	0.095	0.707	0.073
>AGCTGTCACA	17-AGCTGTCACA	6.343371	-186.275048	0	T:4212.0(12.95%),B:3107.5(9.67%),P:1e-80	Tpos:99.5,Tstd:55.5,Bpos:99.8,Bstd:59.5,StrandBias:-0.0,Multiplicity:1.09
0.675	0.088	0.112	0.125
0.106	0.086	0.698	0.110
0.110	0.691	0.083	0.116
0.119	0.097	0.076	0.708
0.075	0.083	0.755	0.087
0.109	0.114	0.086	0.691
0.073	0.696	0.125	0.106
0.727	0.076	0.095	0.102
0.114	0.674	0.116	0.096
0.688	0.097	0.093	0.122
>GTTRCCATGG	18-GTTRCCATGG	7.253234	-177.958285	0	T:1657.0(5.09%),B:1006.3(3.13%),P:1e-77	Tpos:96.9,Tstd:55.2,Bpos:99.1,Bstd:60.1,StrandBias:0.0,Multiplicity:1.05
0.094	0.102	0.764	0.040
0.004	0.001	0.018	0.977
0.140	0.038	0.007	0.815
0.461	0.001	0.339	0.199
0.035	0.813	0.023	0.129
0.001	0.819	0.001	0.179
0.950	0.001	0.018	0.031
0.129	0.074	0.118	0.679
0.086	0.001	0.888	0.025
0.306	0.081	0.587	0.026
>GCAATAAATC	19-GCAATAAATC	8.469854	-145.036683	0	T:497.0(1.53%),B:208.7(0.65%),P:1e-62	Tpos:100.2,Tstd:57.5,Bpos:100.0,Bstd:56.0,StrandBias:-0.2,Multiplicity:1.01
0.118	0.059	0.762	0.061
0.154	0.563	0.001	0.282
0.641	0.198	0.002	0.159
0.836	0.096	0.067	0.001
0.001	0.006	0.090	0.903
0.833	0.001	0.037	0.129
0.865	0.057	0.001	0.077
0.928	0.070	0.001	0.001
0.001	0.015	0.016	0.968
0.207	0.762	0.020	0.011
>RTGACTTGCA	20-RTGACTTGCA	8.717301	-116.691275	0	T:81.0(0.25%),B:8.2(0.03%),P:1e-50	Tpos:104.3,Tstd:55.6,Bpos:92.0,Bstd:57.7,StrandBias:0.0,Multiplicity:1.02
0.549	0.001	0.449	0.001
0.001	0.003	0.001	0.995
0.001	0.001	0.997	0.001
0.997	0.001	0.001	0.001
0.001	0.997	0.001	0.001
0.001	0.001	0.001	0.997
0.001	0.011	0.001	0.987
0.001	0.001	0.997	0.001
0.001	0.997	0.001	0.001
0.987	0.001	0.011	0.001
>TTCTCGGAAA	21-TTCTCGGAAA	7.259572	-108.562685	0	T:869.0(2.67%),B:505.7(1.57%),P:1e-47	Tpos:100.2,Tstd:55.5,Bpos:95.9,Bstd:62.7,StrandBias:0.1,Multiplicity:1.03
0.082	0.110	0.126	0.682
0.047	0.133	0.155	0.665
0.060	0.804	0.064	0.072
0.079	0.146	0.055	0.720
0.169	0.592	0.120	0.119
0.203	0.108	0.641	0.048
0.046	0.074	0.831	0.049
0.634	0.107	0.177	0.082
0.702	0.107	0.118	0.073
0.578	0.109	0.182	0.131
>AGACCACGAA	22-AGACCACGAA	9.955777	-99.155406	0	T:120.0(0.37%),B:24.5(0.08%),P:1e-43	Tpos:92.1,Tstd:54.3,Bpos:102.4,Bstd:78.5,StrandBias:0.3,Multiplicity:1.08
0.997	0.001	0.001	0.001
0.001	0.001	0.997	0.001
0.997	0.001	0.001	0.001
0.001	0.898	0.001	0.100
0.001	0.587	0.312	0.100
0.945	0.001	0.053	0.001
0.001	0.997	0.001	0.001
0.001	0.001	0.708	0.290
0.703	0.295	0.001	0.001
0.898	0.100	0.001	0.001
>CATCCCGAGA	23-CATCCCGAGA	8.348944	-72.299555	0	T:36.0(0.11%),B:2.9(0.01%),P:1e-31	Tpos:105.8,Tstd:59.2,Bpos:123.7,Bstd:44.6,StrandBias:-0.1,Multiplicity:1.00
0.001	0.997	0.001	0.001
0.997	0.001	0.001	0.001
0.001	0.001	0.001	0.997
0.001	0.997	0.001	0.001
0.001	0.902	0.096	0.001
0.001	0.997	0.001	0.001
0.001	0.001	0.997	0.001
0.955	0.043	0.001	0.001
0.001	0.001	0.997	0.001
0.997	0.001	0.001	0.001
>GTAACACTCA	24-GTAACACTCA	7.715415	-62.751889	0	T:126.0(0.39%),B:39.1(0.12%),P:1e-27	Tpos:105.5,Tstd:57.5,Bpos:109.9,Bstd:56.2,StrandBias:0.1,Multiplicity:1.03
0.001	0.001	0.997	0.001
0.001	0.001	0.001	0.997
0.997	0.001	0.001	0.001
0.997	0.001	0.001	0.001
0.001	0.712	0.001	0.286
0.997	0.001	0.001	0.001
0.001	0.997	0.001	0.001
0.001	0.001	0.311	0.687
0.001	0.636	0.362	0.001
0.991	0.007	0.001	0.001
>ATCCAGCCGC	25-ATCCAGCCGC	10.296193	-39.795308	0	T:24.0(0.07%),B:2.8(0.01%),P:1e-17	Tpos:123.3,Tstd:51.2,Bpos:52.6,Bstd:19.3,StrandBias:0.1,Multiplicity:1.00
0.700	0.100	0.100	0.100
0.100	0.100	0.100	0.700
0.100	0.700	0.100	0.100
0.100	0.700	0.100	0.100
0.700	0.100	0.100	0.100
0.100	0.100	0.700	0.100
0.100	0.700	0.100	0.100
0.100	0.700	0.100	0.100
0.100	0.100	0.700	0.100
0.100	0.700	0.100	0.100
